
[34madded: static/assets/aseprite/world_tilemaps.json[0m
[34m───────────────────────────────────────────────────────────────────────────────────────────────────────────────────────────────────────[0m

[34m─────[0m[34m┐[0m
[34m•[0m [34m1[0m: [34m│[0m
[34m─────[0m[34m┘[0m
[48;2;208;255;208;38;2;51;51;51m{[0m[48;2;208;255;208m[0K[0m
[48;2;208;255;208;38;2;51;51;51m  [38;2;24;54;145m"sprite"[38;2;51;51;51m: [38;2;24;54;145m"static/assets/aseprite/world.aseprite"[38;2;51;51;51m,[0m[48;2;208;255;208m[0K[0m
[48;2;208;255;208;38;2;51;51;51m  [38;2;24;54;145m"tilemaps"[38;2;51;51;51m: [[0m[48;2;208;255;208m[0K[0m
[48;2;208;255;208;38;2;51;51;51m    {[0m[48;2;208;255;208m[0K[0m
[48;2;208;255;208;38;2;51;51;51m      [38;2;24;54;145m"layer"[38;2;51;51;51m: [38;2;24;54;145m"grass"[38;2;51;51;51m,[0m[48;2;208;255;208m[0K[0m
[48;2;208;255;208;38;2;51;51;51m      [38;2;24;54;145m"frame"[38;2;51;51;51m: [38;2;0;134;179m1[38;2;51;51;51m,[0m[48;2;208;255;208m[0K[0m
[48;2;208;255;208;38;2;51;51;51m      [38;2;24;54;145m"width"[38;2;51;51;51m: [38;2;0;134;179m17[38;2;51;51;51m,[0m[48;2;208;255;208m[0K[0m
[48;2;208;255;208;38;2;51;51;51m      [38;2;24;54;145m"height"[38;2;51;51;51m: [38;2;0;134;179m17[38;2;51;51;51m,[0m[48;2;208;255;208m[0K[0m
[48;2;208;255;208;38;2;51;51;51m      [38;2;24;54;145m"tiles"[38;2;51;51;51m: [[0m[48;2;208;255;208m[0K[0m
[48;2;208;255;208;38;2;51;51;51m  [[0m[48;2;208;255;208m[0K[0m
[48;2;208;255;208;38;2;51;51;51m    {[38;2;24;54;145m"i"[38;2;51;51;51m:[38;2;0;134;179m4[38;2;51;51;51m,[38;2;24;54;145m"f"[38;2;51;51;51m:[38;2;0;134;179m0[38;2;51;51;51m},{[38;2;24;54;145m"i"[38;2;51;51;51m:[38;2;0;134;179m4[38;2;51;51;51m,[38;2;24;54;145m"f"[38;2;51;51;51m:[38;2;0;134;179m0[38;2;51;51;51m},{[38;2;24;54;145m"i"[38;2;51;51;51m:[38;2;0;134;179m4[38;2;51;51;51m,[38;2;24;54;145m"f"[38;2;51;51;51m:[38;2;0;134;179m0[38;2;51;51;51m},{[38;2;24;54;145m"i"[38;2;51;51;51m:[38;2;0;134;179m4[38;2;51;51;51m,[38;2;24;54;145m"f"[38;2;51;51;51m:[38;2;0;134;179m0[38;2;51;51;51m},{[38;2;24;54;145m"i"[38;2;51;51;51m:[38;2;0;134;179m4[38;2;51;51;51m,[38;2;24;54;145m"f"[38;2;51;51;51m:[38;2;0;134;179m0[38;2;51;51;51m},{[38;2;24;54;145m"i"[38;2;51;51;51m:[38;2;0;134;179m4[38;2;51;51;51m,[38;2;24;54;145m"f"[38;2;51;51;51m:[38;2;0;134;179m0[38;2;51;51;51m},{[38;2;24;54;145m"i"[38;2;51;51;51m:[38;2;0;134;179m4[38;2;51;51;51m,[38;2;24;54;145m"f"[38;2;51;51;51m:[38;2;0;134;179m0[38;2;51;51;51m},{[38;2;24;54;145m"i"[38;2;51;51;51m:[38;2;0;134;179m4[38;2;51;51;51m,[38;2;24;54;145m"f"[38;2;51;51;51m:[38;2;0;134;179m0[38;2;51;51;51m},{[38;2;24;54;145m"i"[38;2;51;51;51m:[38;2;0;134;179m4[38;2;51;51;51m,[38;2;24;54;145m"f"[38;2;51;51;51m:[38;2;0;134;179m0[38;2;51;51;51m},{[38;2;24;54;145m"i"[38;2;51;51;51m:[38;2;0;134;179m4[38;2;51;51;51m,[38;2;24;54;145m"f"[38;2;51;51;51m:[38;2;0;134;179m0[38;2;51;51;51m},{[38;2;24;54;145m"i"[38;2;51;51;51m:[38;2;0;134;179m4[38;2;51;51;51m,[38;2;24;54;145m"f"[38;2;51;51;51m:[38;2;0;134;179m0[38;2;51;51;51m},{[38;2;24;54;145m"i"[38;2;51;51;51m:[38;2;0;134;179m4[38;2;51;51;51m,[38;2;24;54;145m"f"[38;2;51;51;51m:[38;2;0;134;179m0[38;2;51;51;51m},{[38;2;24;54;145m"i"[38;2;51;51;51m:[38;2;0;134;179m4[38;2;51;51;51m,[38;2;24;54;145m"f"[38;2;51;51;51m:[38;2;0;134;179m0[38;2;51;51;51m},{[38;2;24;54;145m"i"[38;2;51;51;51m:[38;2;0;134;179m4[38;2;51;51;51m,[38;2;24;54;145m"f"[38;2;51;51;51m:[38;2;0;134;179m0[38;2;51;51;51m},{[38;2;24;54;145m"i"[38;2;51;51;51m:[38;2;0;134;179m4[38;2;51;51;51m,[38;2;24;54;145m"f"[38;2;51;51;51m:[38;2;0;134;179m0[38;2;51;51;51m},{[38;2;24;54;145m"i"[38;2;51;51;51m:[38;2;0;134;179m4[38;2;51;51;51m,[38;2;24;54;145m"f"[38;2;51;51;51m:[38;2;0;134;179m0[38;2;51;51;51m},{[38;2;24;54;145m"i"[38;2;51;51;51m:[38;2;0;134;179m4[38;2;51;51;51m,[38;2;24;54;145m"f"[38;2;51;51;51m:[38;2;0;134;179m0[38;2;51;51;51m}[0m[48;2;208;255;208m[0K[0m
[48;2;208;255;208;38;2;51;51;51m  ],[0m[48;2;208;255;208m[0K[0m
[48;2;208;255;208;38;2;51;51;51m  [[0m[48;2;208;255;208m[0K[0m
[48;2;208;255;208;38;2;51;51;51m    {[38;2;24;54;145m"i"[38;2;51;51;51m:[38;2;0;134;179m4[38;2;51;51;51m,[38;2;24;54;145m"f"[38;2;51;51;51m:[38;2;0;134;179m0[38;2;51;51;51m},{[38;2;24;54;145m"i"[38;2;51;51;51m:[38;2;0;134;179m4[38;2;51;51;51m,[38;2;24;54;145m"f"[38;2;51;51;51m:[38;2;0;134;179m0[38;2;51;51;51m},{[38;2;24;54;145m"i"[38;2;51;51;51m:[38;2;0;134;179m4[38;2;51;51;51m,[38;2;24;54;145m"f"[38;2;51;51;51m:[38;2;0;134;179m0[38;2;51;51;51m},{[38;2;24;54;145m"i"[38;2;51;51;51m:[38;2;0;134;179m4[38;2;51;51;51m,[38;2;24;54;145m"f"[38;2;51;51;51m:[38;2;0;134;179m0[38;2;51;51;51m},{[38;2;24;54;145m"i"[38;2;51;51;51m:[38;2;0;134;179m4[38;2;51;51;51m,[38;2;24;54;145m"f"[38;2;51;51;51m:[38;2;0;134;179m0[38;2;51;51;51m},{[38;2;24;54;145m"i"[38;2;51;51;51m:[38;2;0;134;179m4[38;2;51;51;51m,[38;2;24;54;145m"f"[38;2;51;51;51m:[38;2;0;134;179m0[38;2;51;51;51m},{[38;2;24;54;145m"i"[38;2;51;51;51m:[38;2;0;134;179m4[38;2;51;51;51m,[38;2;24;54;145m"f"[38;2;51;51;51m:[38;2;0;134;179m0[38;2;51;51;51m},{[38;2;24;54;145m"i"[38;2;51;51;51m:[38;2;0;134;179m4[38;2;51;51;51m,[38;2;24;54;145m"f"[38;2;51;51;51m:[38;2;0;134;179m0[38;2;51;51;51m},{[38;2;24;54;145m"i"[38;2;51;51;51m:[38;2;0;134;179m4[38;2;51;51;51m,[38;2;24;54;145m"f"[38;2;51;51;51m:[38;2;0;134;179m0[38;2;51;51;51m},{[38;2;24;54;145m"i"[38;2;51;51;51m:[38;2;0;134;179m4[38;2;51;51;51m,[38;2;24;54;145m"f"[38;2;51;51;51m:[38;2;0;134;179m0[38;2;51;51;51m},{[38;2;24;54;145m"i"[38;2;51;51;51m:[38;2;0;134;179m4[38;2;51;51;51m,[38;2;24;54;145m"f"[38;2;51;51;51m:[38;2;0;134;179m0[38;2;51;51;51m},{[38;2;24;54;145m"i"[38;2;51;51;51m:[38;2;0;134;179m4[38;2;51;51;51m,[38;2;24;54;145m"f"[38;2;51;51;51m:[38;2;0;134;179m0[38;2;51;51;51m},{[38;2;24;54;145m"i"[38;2;51;51;51m:[38;2;0;134;179m4[38;2;51;51;51m,[38;2;24;54;145m"f"[38;2;51;51;51m:[38;2;0;134;179m0[38;2;51;51;51m},{[38;2;24;54;145m"i"[38;2;51;51;51m:[38;2;0;134;179m4[38;2;51;51;51m,[38;2;24;54;145m"f"[38;2;51;51;51m:[38;2;0;134;179m0[38;2;51;51;51m},{[38;2;24;54;145m"i"[38;2;51;51;51m:[38;2;0;134;179m4[38;2;51;51;51m,[38;2;24;54;145m"f"[38;2;51;51;51m:[38;2;0;134;179m0[38;2;51;51;51m},{[38;2;24;54;145m"i"[38;2;51;51;51m:[38;2;0;134;179m4[38;2;51;51;51m,[38;2;24;54;145m"f"[38;2;51;51;51m:[38;2;0;134;179m0[38;2;51;51;51m},{[38;2;24;54;145m"i"[38;2;51;51;51m:[38;2;0;134;179m4[38;2;51;51;51m,[38;2;24;54;145m"f"[38;2;51;51;51m:[38;2;0;134;179m0[38;2;51;51;51m}[0m[48;2;208;255;208m[0K[0m
[48;2;208;255;208;38;2;51;51;51m  ],[0m[48;2;208;255;208m[0K[0m
[48;2;208;255;208;38;2;51;51;51m  [[0m[48;2;208;255;208m[0K[0m
[48;2;208;255;208;38;2;51;51;51m    {[38;2;24;54;145m"i"[38;2;51;51;51m:[38;2;0;134;179m4[38;2;51;51;51m,[38;2;24;54;145m"f"[38;2;51;51;51m:[38;2;0;134;179m0[38;2;51;51;51m},{[38;2;24;54;145m"i"[38;2;51;51;51m:[38;2;0;134;179m4[38;2;51;51;51m,[38;2;24;54;145m"f"[38;2;51;51;51m:[38;2;0;134;179m0[38;2;51;51;51m},{[38;2;24;54;145m"i"[38;2;51;51;51m:[38;2;0;134;179m4[38;2;51;51;51m,[38;2;24;54;145m"f"[38;2;51;51;51m:[38;2;0;134;179m0[38;2;51;51;51m},{[38;2;24;54;145m"i"[38;2;51;51;51m:[38;2;0;134;179m4[38;2;51;51;51m,[38;2;24;54;145m"f"[38;2;51;51;51m:[38;2;0;134;179m0[38;2;51;51;51m},{[38;2;24;54;145m"i"[38;2;51;51;51m:[38;2;0;134;179m4[38;2;51;51;51m,[38;2;24;54;145m"f"[38;2;51;51;51m:[38;2;0;134;179m0[38;2;51;51;51m},{[38;2;24;54;145m"i"[38;2;51;51;51m:[38;2;0;134;179m4[38;2;51;51;51m,[38;2;24;54;145m"f"[38;2;51;51;51m:[38;2;0;134;179m0[38;2;51;51;51m},{[38;2;24;54;145m"i"[38;2;51;51;51m:[38;2;0;134;179m4[38;2;51;51;51m,[38;2;24;54;145m"f"[38;2;51;51;51m:[38;2;0;134;179m0[38;2;51;51;51m},{[38;2;24;54;145m"i"[38;2;51;51;51m:[38;2;0;134;179m4[38;2;51;51;51m,[38;2;24;54;145m"f"[38;2;51;51;51m:[38;2;0;134;179m0[38;2;51;51;51m},{[38;2;24;54;145m"i"[38;2;51;51;51m:[38;2;0;134;179m4[38;2;51;51;51m,[38;2;24;54;145m"f"[38;2;51;51;51m:[38;2;0;134;179m0[38;2;51;51;51m},{[38;2;24;54;145m"i"[38;2;51;51;51m:[38;2;0;134;179m4[38;2;51;51;51m,[38;2;24;54;145m"f"[38;2;51;51;51m:[38;2;0;134;179m0[38;2;51;51;51m},{[38;2;24;54;145m"i"[38;2;51;51;51m:[38;2;0;134;179m4[38;2;51;51;51m,[38;2;24;54;145m"f"[38;2;51;51;51m:[38;2;0;134;179m0[38;2;51;51;51m},{[38;2;24;54;145m"i"[38;2;51;51;51m:[38;2;0;134;179m4[38;2;51;51;51m,[38;2;24;54;145m"f"[38;2;51;51;51m:[38;2;0;134;179m0[38;2;51;51;51m},{[38;2;24;54;145m"i"[38;2;51;51;51m:[38;2;0;134;179m4[38;2;51;51;51m,[38;2;24;54;145m"f"[38;2;51;51;51m:[38;2;0;134;179m0[38;2;51;51;51m},{[38;2;24;54;145m"i"[38;2;51;51;51m:[38;2;0;134;179m4[38;2;51;51;51m,[38;2;24;54;145m"f"[38;2;51;51;51m:[38;2;0;134;179m0[38;2;51;51;51m},{[38;2;24;54;145m"i"[38;2;51;51;51m:[38;2;0;134;179m4[38;2;51;51;51m,[38;2;24;54;145m"f"[38;2;51;51;51m:[38;2;0;134;179m0[38;2;51;51;51m},{[38;2;24;54;145m"i"[38;2;51;51;51m:[38;2;0;134;179m4[38;2;51;51;51m,[38;2;24;54;145m"f"[38;2;51;51;51m:[38;2;0;134;179m0[38;2;51;51;51m},{[38;2;24;54;145m"i"[38;2;51;51;51m:[38;2;0;134;179m4[38;2;51;51;51m,[38;2;24;54;145m"f"[38;2;51;51;51m:[38;2;0;134;179m0[38;2;51;51;51m}[0m[48;2;208;255;208m[0K[0m
[48;2;208;255;208;38;2;51;51;51m  ],[0m[48;2;208;255;208m[0K[0m
[48;2;208;255;208;38;2;51;51;51m  [[0m[48;2;208;255;208m[0K[0m
[48;2;208;255;208;38;2;51;51;51m    {[38;2;24;54;145m"i"[38;2;51;51;51m:[38;2;0;134;179m4[38;2;51;51;51m,[38;2;24;54;145m"f"[38;2;51;51;51m:[38;2;0;134;179m0[38;2;51;51;51m},{[38;2;24;54;145m"i"[38;2;51;51;51m:[38;2;0;134;179m4[38;2;51;51;51m,[38;2;24;54;145m"f"[38;2;51;51;51m:[38;2;0;134;179m0[38;2;51;51;51m},{[38;2;24;54;145m"i"[38;2;51;51;51m:[38;2;0;134;179m4[38;2;51;51;51m,[38;2;24;54;145m"f"[38;2;51;51;51m:[38;2;0;134;179m0[38;2;51;51;51m},{[38;2;24;54;145m"i"[38;2;51;51;51m:[38;2;0;134;179m4[38;2;51;51;51m,[38;2;24;54;145m"f"[38;2;51;51;51m:[38;2;0;134;179m0[38;2;51;51;51m},{[38;2;24;54;145m"i"[38;2;51;51;51m:[38;2;0;134;179m4[38;2;51;51;51m,[38;2;24;54;145m"f"[38;2;51;51;51m:[38;2;0;134;179m0[38;2;51;51;51m},{[38;2;24;54;145m"i"[38;2;51;51;51m:[38;2;0;134;179m4[38;2;51;51;51m,[38;2;24;54;145m"f"[38;2;51;51;51m:[38;2;0;134;179m0[38;2;51;51;51m},{[38;2;24;54;145m"i"[38;2;51;51;51m:[38;2;0;134;179m4[38;2;51;51;51m,[38;2;24;54;145m"f"[38;2;51;51;51m:[38;2;0;134;179m0[38;2;51;51;51m},{[38;2;24;54;145m"i"[38;2;51;51;51m:[38;2;0;134;179m4[38;2;51;51;51m,[38;2;24;54;145m"f"[38;2;51;51;51m:[38;2;0;134;179m0[38;2;51;51;51m},{[38;2;24;54;145m"i"[38;2;51;51;51m:[38;2;0;134;179m4[38;2;51;51;51m,[38;2;24;54;145m"f"[38;2;51;51;51m:[38;2;0;134;179m0[38;2;51;51;51m},{[38;2;24;54;145m"i"[38;2;51;51;51m:[38;2;0;134;179m4[38;2;51;51;51m,[38;2;24;54;145m"f"[38;2;51;51;51m:[38;2;0;134;179m0[38;2;51;51;51m},{[38;2;24;54;145m"i"[38;2;51;51;51m:[38;2;0;134;179m4[38;2;51;51;51m,[38;2;24;54;145m"f"[38;2;51;51;51m:[38;2;0;134;179m0[38;2;51;51;51m},{[38;2;24;54;145m"i"[38;2;51;51;51m:[38;2;0;134;179m4[38;2;51;51;51m,[38;2;24;54;145m"f"[38;2;51;51;51m:[38;2;0;134;179m0[38;2;51;51;51m},{[38;2;24;54;145m"i"[38;2;51;51;51m:[38;2;0;134;179m4[38;2;51;51;51m,[38;2;24;54;145m"f"[38;2;51;51;51m:[38;2;0;134;179m0[38;2;51;51;51m},{[38;2;24;54;145m"i"[38;2;51;51;51m:[38;2;0;134;179m4[38;2;51;51;51m,[38;2;24;54;145m"f"[38;2;51;51;51m:[38;2;0;134;179m0[38;2;51;51;51m},{[38;2;24;54;145m"i"[38;2;51;51;51m:[38;2;0;134;179m4[38;2;51;51;51m,[38;2;24;54;145m"f"[38;2;51;51;51m:[38;2;0;134;179m0[38;2;51;51;51m},{[38;2;24;54;145m"i"[38;2;51;51;51m:[38;2;0;134;179m4[38;2;51;51;51m,[38;2;24;54;145m"f"[38;2;51;51;51m:[38;2;0;134;179m0[38;2;51;51;51m},{[38;2;24;54;145m"i"[38;2;51;51;51m:[38;2;0;134;179m4[38;2;51;51;51m,[38;2;24;54;145m"f"[38;2;51;51;51m:[38;2;0;134;179m0[38;2;51;51;51m}[0m[48;2;208;255;208m[0K[0m
[48;2;208;255;208;38;2;51;51;51m  ],[0m[48;2;208;255;208m[0K[0m
[48;2;208;255;208;38;2;51;51;51m  [[0m[48;2;208;255;208m[0K[0m
[48;2;208;255;208;38;2;51;51;51m    {[38;2;24;54;145m"i"[38;2;51;51;51m:[38;2;0;134;179m4[38;2;51;51;51m,[38;2;24;54;145m"f"[38;2;51;51;51m:[38;2;0;134;179m0[38;2;51;51;51m},{[38;2;24;54;145m"i"[38;2;51;51;51m:[38;2;0;134;179m4[38;2;51;51;51m,[38;2;24;54;145m"f"[38;2;51;51;51m:[38;2;0;134;179m0[38;2;51;51;51m},{[38;2;24;54;145m"i"[38;2;51;51;51m:[38;2;0;134;179m4[38;2;51;51;51m,[38;2;24;54;145m"f"[38;2;51;51;51m:[38;2;0;134;179m0[38;2;51;51;51m},{[38;2;24;54;145m"i"[38;2;51;51;51m:[38;2;0;134;179m4[38;2;51;51;51m,[38;2;24;54;145m"f"[38;2;51;51;51m:[38;2;0;134;179m0[38;2;51;51;51m},{[38;2;24;54;145m"i"[38;2;51;51;51m:[38;2;0;134;179m4[38;2;51;51;51m,[38;2;24;54;145m"f"[38;2;51;51;51m:[38;2;0;134;179m0[38;2;51;51;51m},{[38;2;24;54;145m"i"[38;2;51;51;51m:[38;2;0;134;179m4[38;2;51;51;51m,[38;2;24;54;145m"f"[38;2;51;51;51m:[38;2;0;134;179m0[38;2;51;51;51m},{[38;2;24;54;145m"i"[38;2;51;51;51m:[38;2;0;134;179m4[38;2;51;51;51m,[38;2;24;54;145m"f"[38;2;51;51;51m:[38;2;0;134;179m0[38;2;51;51;51m},{[38;2;24;54;145m"i"[38;2;51;51;51m:[38;2;0;134;179m4[38;2;51;51;51m,[38;2;24;54;145m"f"[38;2;51;51;51m:[38;2;0;134;179m0[38;2;51;51;51m},{[38;2;24;54;145m"i"[38;2;51;51;51m:[38;2;0;134;179m4[38;2;51;51;51m,[38;2;24;54;145m"f"[38;2;51;51;51m:[38;2;0;134;179m0[38;2;51;51;51m},{[38;2;24;54;145m"i"[38;2;51;51;51m:[38;2;0;134;179m4[38;2;51;51;51m,[38;2;24;54;145m"f"[38;2;51;51;51m:[38;2;0;134;179m0[38;2;51;51;51m},{[38;2;24;54;145m"i"[38;2;51;51;51m:[38;2;0;134;179m4[38;2;51;51;51m,[38;2;24;54;145m"f"[38;2;51;51;51m:[38;2;0;134;179m0[38;2;51;51;51m},{[38;2;24;54;145m"i"[38;2;51;51;51m:[38;2;0;134;179m4[38;2;51;51;51m,[38;2;24;54;145m"f"[38;2;51;51;51m:[38;2;0;134;179m0[38;2;51;51;51m},{[38;2;24;54;145m"i"[38;2;51;51;51m:[38;2;0;134;179m4[38;2;51;51;51m,[38;2;24;54;145m"f"[38;2;51;51;51m:[38;2;0;134;179m0[38;2;51;51;51m},{[38;2;24;54;145m"i"[38;2;51;51;51m:[38;2;0;134;179m4[38;2;51;51;51m,[38;2;24;54;145m"f"[38;2;51;51;51m:[38;2;0;134;179m0[38;2;51;51;51m},{[38;2;24;54;145m"i"[38;2;51;51;51m:[38;2;0;134;179m4[38;2;51;51;51m,[38;2;24;54;145m"f"[38;2;51;51;51m:[38;2;0;134;179m0[38;2;51;51;51m},{[38;2;24;54;145m"i"[38;2;51;51;51m:[38;2;0;134;179m4[38;2;51;51;51m,[38;2;24;54;145m"f"[38;2;51;51;51m:[38;2;0;134;179m0[38;2;51;51;51m},{[38;2;24;54;145m"i"[38;2;51;51;51m:[38;2;0;134;179m4[38;2;51;51;51m,[38;2;24;54;145m"f"[38;2;51;51;51m:[38;2;0;134;179m0[38;2;51;51;51m}[0m[48;2;208;255;208m[0K[0m
[48;2;208;255;208;38;2;51;51;51m  ],[0m[48;2;208;255;208m[0K[0m
[48;2;208;255;208;38;2;51;51;51m  [[0m[48;2;208;255;208m[0K[0m
[48;2;208;255;208;38;2;51;51;51m    {[38;2;24;54;145m"i"[38;2;51;51;51m:[38;2;0;134;179m4[38;2;51;51;51m,[38;2;24;54;145m"f"[38;2;51;51;51m:[38;2;0;134;179m0[38;2;51;51;51m},{[38;2;24;54;145m"i"[38;2;51;51;51m:[38;2;0;134;179m4[38;2;51;51;51m,[38;2;24;54;145m"f"[38;2;51;51;51m:[38;2;0;134;179m0[38;2;51;51;51m},{[38;2;24;54;145m"i"[38;2;51;51;51m:[38;2;0;134;179m4[38;2;51;51;51m,[38;2;24;54;145m"f"[38;2;51;51;51m:[38;2;0;134;179m0[38;2;51;51;51m},{[38;2;24;54;145m"i"[38;2;51;51;51m:[38;2;0;134;179m4[38;2;51;51;51m,[38;2;24;54;145m"f"[38;2;51;51;51m:[38;2;0;134;179m0[38;2;51;51;51m},{[38;2;24;54;145m"i"[38;2;51;51;51m:[38;2;0;134;179m4[38;2;51;51;51m,[38;2;24;54;145m"f"[38;2;51;51;51m:[38;2;0;134;179m0[38;2;51;51;51m},{[38;2;24;54;145m"i"[38;2;51;51;51m:[38;2;0;134;179m4[38;2;51;51;51m,[38;2;24;54;145m"f"[38;2;51;51;51m:[38;2;0;134;179m0[38;2;51;51;51m},{[38;2;24;54;145m"i"[38;2;51;51;51m:[38;2;0;134;179m4[38;2;51;51;51m,[38;2;24;54;145m"f"[38;2;51;51;51m:[38;2;0;134;179m0[38;2;51;51;51m},{[38;2;24;54;145m"i"[38;2;51;51;51m:[38;2;0;134;179m4[38;2;51;51;51m,[38;2;24;54;145m"f"[38;2;51;51;51m:[38;2;0;134;179m0[38;2;51;51;51m},{[38;2;24;54;145m"i"[38;2;51;51;51m:[38;2;0;134;179m4[38;2;51;51;51m,[38;2;24;54;145m"f"[38;2;51;51;51m:[38;2;0;134;179m0[38;2;51;51;51m},{[38;2;24;54;145m"i"[38;2;51;51;51m:[38;2;0;134;179m4[38;2;51;51;51m,[38;2;24;54;145m"f"[38;2;51;51;51m:[38;2;0;134;179m0[38;2;51;51;51m},{[38;2;24;54;145m"i"[38;2;51;51;51m:[38;2;0;134;179m4[38;2;51;51;51m,[38;2;24;54;145m"f"[38;2;51;51;51m:[38;2;0;134;179m0[38;2;51;51;51m},{[38;2;24;54;145m"i"[38;2;51;51;51m:[38;2;0;134;179m4[38;2;51;51;51m,[38;2;24;54;145m"f"[38;2;51;51;51m:[38;2;0;134;179m0[38;2;51;51;51m},{[38;2;24;54;145m"i"[38;2;51;51;51m:[38;2;0;134;179m4[38;2;51;51;51m,[38;2;24;54;145m"f"[38;2;51;51;51m:[38;2;0;134;179m0[38;2;51;51;51m},{[38;2;24;54;145m"i"[38;2;51;51;51m:[38;2;0;134;179m4[38;2;51;51;51m,[38;2;24;54;145m"f"[38;2;51;51;51m:[38;2;0;134;179m0[38;2;51;51;51m},{[38;2;24;54;145m"i"[38;2;51;51;51m:[38;2;0;134;179m4[38;2;51;51;51m,[38;2;24;54;145m"f"[38;2;51;51;51m:[38;2;0;134;179m0[38;2;51;51;51m},{[38;2;24;54;145m"i"[38;2;51;51;51m:[38;2;0;134;179m4[38;2;51;51;51m,[38;2;24;54;145m"f"[38;2;51;51;51m:[38;2;0;134;179m0[38;2;51;51;51m},{[38;2;24;54;145m"i"[38;2;51;51;51m:[38;2;0;134;179m4[38;2;51;51;51m,[38;2;24;54;145m"f"[38;2;51;51;51m:[38;2;0;134;179m0[38;2;51;51;51m}[0m[48;2;208;255;208m[0K[0m
[48;2;208;255;208;38;2;51;51;51m  ],[0m[48;2;208;255;208m[0K[0m
[48;2;208;255;208;38;2;51;51;51m  [[0m[48;2;208;255;208m[0K[0m
[48;2;208;255;208;38;2;51;51;51m    {[38;2;24;54;145m"i"[38;2;51;51;51m:[38;2;0;134;179m4[38;2;51;51;51m,[38;2;24;54;145m"f"[38;2;51;51;51m:[38;2;0;134;179m0[38;2;51;51;51m},{[38;2;24;54;145m"i"[38;2;51;51;51m:[38;2;0;134;179m4[38;2;51;51;51m,[38;2;24;54;145m"f"[38;2;51;51;51m:[38;2;0;134;179m0[38;2;51;51;51m},{[38;2;24;54;145m"i"[38;2;51;51;51m:[38;2;0;134;179m4[38;2;51;51;51m,[38;2;24;54;145m"f"[38;2;51;51;51m:[38;2;0;134;179m0[38;2;51;51;51m},{[38;2;24;54;145m"i"[38;2;51;51;51m:[38;2;0;134;179m4[38;2;51;51;51m,[38;2;24;54;145m"f"[38;2;51;51;51m:[38;2;0;134;179m0[38;2;51;51;51m},{[38;2;24;54;145m"i"[38;2;51;51;51m:[38;2;0;134;179m4[38;2;51;51;51m,[38;2;24;54;145m"f"[38;2;51;51;51m:[38;2;0;134;179m0[38;2;51;51;51m},{[38;2;24;54;145m"i"[38;2;51;51;51m:[38;2;0;134;179m4[38;2;51;51;51m,[38;2;24;54;145m"f"[38;2;51;51;51m:[38;2;0;134;179m0[38;2;51;51;51m},{[38;2;24;54;145m"i"[38;2;51;51;51m:[38;2;0;134;179m3[38;2;51;51;51m,[38;2;24;54;145m"f"[38;2;51;51;51m:[38;2;0;134;179m0[38;2;51;51;51m},{[38;2;24;54;145m"i"[38;2;51;51;51m:[38;2;0;134;179m3[38;2;51;51;51m,[38;2;24;54;145m"f"[38;2;51;51;51m:[38;2;0;134;179m0[38;2;51;51;51m},{[38;2;24;54;145m"i"[38;2;51;51;51m:[38;2;0;134;179m3[38;2;51;51;51m,[38;2;24;54;145m"f"[38;2;51;51;51m:[38;2;0;134;179m0[38;2;51;51;51m},{[38;2;24;54;145m"i"[38;2;51;51;51m:[38;2;0;134;179m3[38;2;51;51;51m,[38;2;24;54;145m"f"[38;2;51;51;51m:[38;2;0;134;179m0[38;2;51;51;51m},{[38;2;24;54;145m"i"[38;2;51;51;51m:[38;2;0;134;179m3[38;2;51;51;51m,[38;2;24;54;145m"f"[38;2;51;51;51m:[38;2;0;134;179m0[38;2;51;51;51m},{[38;2;24;54;145m"i"[38;2;51;51;51m:[38;2;0;134;179m3[38;2;51;51;51m,[38;2;24;54;145m"f"[38;2;51;51;51m:[38;2;0;134;179m0[38;2;51;51;51m},{[38;2;24;54;145m"i"[38;2;51;51;51m:[38;2;0;134;179m4[38;2;51;51;51m,[38;2;24;54;145m"f"[38;2;51;51;51m:[38;2;0;134;179m0[38;2;51;51;51m},{[38;2;24;54;145m"i"[38;2;51;51;51m:[38;2;0;134;179m4[38;2;51;51;51m,[38;2;24;54;145m"f"[38;2;51;51;51m:[38;2;0;134;179m0[38;2;51;51;51m},{[38;2;24;54;145m"i"[38;2;51;51;51m:[38;2;0;134;179m4[38;2;51;51;51m,[38;2;24;54;145m"f"[38;2;51;51;51m:[38;2;0;134;179m0[38;2;51;51;51m},{[38;2;24;54;145m"i"[38;2;51;51;51m:[38;2;0;134;179m4[38;2;51;51;51m,[38;2;24;54;145m"f"[38;2;51;51;51m:[38;2;0;134;179m0[38;2;51;51;51m},{[38;2;24;54;145m"i"[38;2;51;51;51m:[38;2;0;134;179m4[38;2;51;51;51m,[38;2;24;54;145m"f"[38;2;51;51;51m:[38;2;0;134;179m0[38;2;51;51;51m}[0m[48;2;208;255;208m[0K[0m
[48;2;208;255;208;38;2;51;51;51m  ],[0m[48;2;208;255;208m[0K[0m
[48;2;208;255;208;38;2;51;51;51m  [[0m[48;2;208;255;208m[0K[0m
[48;2;208;255;208;38;2;51;51;51m    {[38;2;24;54;145m"i"[38;2;51;51;51m:[38;2;0;134;179m4[38;2;51;51;51m,[38;2;24;54;145m"f"[38;2;51;51;51m:[38;2;0;134;179m0[38;2;51;51;51m},{[38;2;24;54;145m"i"[38;2;51;51;51m:[38;2;0;134;179m4[38;2;51;51;51m,[38;2;24;54;145m"f"[38;2;51;51;51m:[38;2;0;134;179m0[38;2;51;51;51m},{[38;2;24;54;145m"i"[38;2;51;51;51m:[38;2;0;134;179m4[38;2;51;51;51m,[38;2;24;54;145m"f"[38;2;51;51;51m:[38;2;0;134;179m0[38;2;51;51;51m},{[38;2;24;54;145m"i"[38;2;51;51;51m:[38;2;0;134;179m4[38;2;51;51;51m,[38;2;24;54;145m"f"[38;2;51;51;51m:[38;2;0;134;179m0[38;2;51;51;51m},{[38;2;24;54;145m"i"[38;2;51;51;51m:[38;2;0;134;179m4[38;2;51;51;51m,[38;2;24;54;145m"f"[38;2;51;51;51m:[38;2;0;134;179m0[38;2;51;51;51m},{[38;2;24;54;145m"i"[38;2;51;51;51m:[38;2;0;134;179m4[38;2;51;51;51m,[38;2;24;54;145m"f"[38;2;51;51;51m:[38;2;0;134;179m0[38;2;51;51;51m},{[38;2;24;54;145m"i"[38;2;51;51;51m:[38;2;0;134;179m3[38;2;51;51;51m,[38;2;24;54;145m"f"[38;2;51;51;51m:[38;2;0;134;179m0[38;2;51;51;51m},{[38;2;24;54;145m"i"[38;2;51;51;51m:[38;2;0;134;179m4[38;2;51;51;51m,[38;2;24;54;145m"f"[38;2;51;51;51m:[38;2;0;134;179m0[38;2;51;51;51m},{[38;2;24;54;145m"i"[38;2;51;51;51m:[38;2;0;134;179m4[38;2;51;51;51m,[38;2;24;54;145m"f"[38;2;51;51;51m:[38;2;0;134;179m0[38;2;51;51;51m},{[38;2;24;54;145m"i"[38;2;51;51;51m:[38;2;0;134;179m4[38;2;51;51;51m,[38;2;24;54;145m"f"[38;2;51;51;51m:[38;2;0;134;179m0[38;2;51;51;51m},{[38;2;24;54;145m"i"[38;2;51;51;51m:[38;2;0;134;179m4[38;2;51;51;51m,[38;2;24;54;145m"f"[38;2;51;51;51m:[38;2;0;134;179m0[38;2;51;51;51m},{[38;2;24;54;145m"i"[38;2;51;51;51m:[38;2;0;134;179m4[38;2;51;51;51m,[38;2;24;54;145m"f"[38;2;51;51;51m:[38;2;0;134;179m0[38;2;51;51;51m},{[38;2;24;54;145m"i"[38;2;51;51;51m:[38;2;0;134;179m4[38;2;51;51;51m,[38;2;24;54;145m"f"[38;2;51;51;51m:[38;2;0;134;179m0[38;2;51;51;51m},{[38;2;24;54;145m"i"[38;2;51;51;51m:[38;2;0;134;179m4[38;2;51;51;51m,[38;2;24;54;145m"f"[38;2;51;51;51m:[38;2;0;134;179m0[38;2;51;51;51m},{[38;2;24;54;145m"i"[38;2;51;51;51m:[38;2;0;134;179m4[38;2;51;51;51m,[38;2;24;54;145m"f"[38;2;51;51;51m:[38;2;0;134;179m0[38;2;51;51;51m},{[38;2;24;54;145m"i"[38;2;51;51;51m:[38;2;0;134;179m4[38;2;51;51;51m,[38;2;24;54;145m"f"[38;2;51;51;51m:[38;2;0;134;179m0[38;2;51;51;51m},{[38;2;24;54;145m"i"[38;2;51;51;51m:[38;2;0;134;179m4[38;2;51;51;51m,[38;2;24;54;145m"f"[38;2;51;51;51m:[38;2;0;134;179m0[38;2;51;51;51m}[0m[48;2;208;255;208m[0K[0m
[48;2;208;255;208;38;2;51;51;51m  ],[0m[48;2;208;255;208m[0K[0m
[48;2;208;255;208;38;2;51;51;51m  [[0m[48;2;208;255;208m[0K[0m
[48;2;208;255;208;38;2;51;51;51m    {[38;2;24;54;145m"i"[38;2;51;51;51m:[38;2;0;134;179m4[38;2;51;51;51m,[38;2;24;54;145m"f"[38;2;51;51;51m:[38;2;0;134;179m0[38;2;51;51;51m},{[38;2;24;54;145m"i"[38;2;51;51;51m:[38;2;0;134;179m4[38;2;51;51;51m,[38;2;24;54;145m"f"[38;2;51;51;51m:[38;2;0;134;179m0[38;2;51;51;51m},{[38;2;24;54;145m"i"[38;2;51;51;51m:[38;2;0;134;179m4[38;2;51;51;51m,[38;2;24;54;145m"f"[38;2;51;51;51m:[38;2;0;134;179m0[38;2;51;51;51m},{[38;2;24;54;145m"i"[38;2;51;51;51m:[38;2;0;134;179m4[38;2;51;51;51m,[38;2;24;54;145m"f"[38;2;51;51;51m:[38;2;0;134;179m0[38;2;51;51;51m},{[38;2;24;54;145m"i"[38;2;51;51;51m:[38;2;0;134;179m4[38;2;51;51;51m,[38;2;24;54;145m"f"[38;2;51;51;51m:[38;2;0;134;179m0[38;2;51;51;51m},{[38;2;24;54;145m"i"[38;2;51;51;51m:[38;2;0;134;179m4[38;2;51;51;51m,[38;2;24;54;145m"f"[38;2;51;51;51m:[38;2;0;134;179m0[38;2;51;51;51m},{[38;2;24;54;145m"i"[38;2;51;51;51m:[38;2;0;134;179m3[38;2;51;51;51m,[38;2;24;54;145m"f"[38;2;51;51;51m:[38;2;0;134;179m0[38;2;51;51;51m},{[38;2;24;54;145m"i"[38;2;51;51;51m:[38;2;0;134;179m4[38;2;51;51;51m,[38;2;24;54;145m"f"[38;2;51;51;51m:[38;2;0;134;179m0[38;2;51;51;51m},{[38;2;24;54;145m"i"[38;2;51;51;51m:[38;2;0;134;179m4[38;2;51;51;51m,[38;2;24;54;145m"f"[38;2;51;51;51m:[38;2;0;134;179m0[38;2;51;51;51m},{[38;2;24;54;145m"i"[38;2;51;51;51m:[38;2;0;134;179m4[38;2;51;51;51m,[38;2;24;54;145m"f"[38;2;51;51;51m:[38;2;0;134;179m0[38;2;51;51;51m},{[38;2;24;54;145m"i"[38;2;51;51;51m:[38;2;0;134;179m4[38;2;51;51;51m,[38;2;24;54;145m"f"[38;2;51;51;51m:[38;2;0;134;179m0[38;2;51;51;51m},{[38;2;24;54;145m"i"[38;2;51;51;51m:[38;2;0;134;179m4[38;2;51;51;51m,[38;2;24;54;145m"f"[38;2;51;51;51m:[38;2;0;134;179m0[38;2;51;51;51m},{[38;2;24;54;145m"i"[38;2;51;51;51m:[38;2;0;134;179m4[38;2;51;51;51m,[38;2;24;54;145m"f"[38;2;51;51;51m:[38;2;0;134;179m0[38;2;51;51;51m},{[38;2;24;54;145m"i"[38;2;51;51;51m:[38;2;0;134;179m4[38;2;51;51;51m,[38;2;24;54;145m"f"[38;2;51;51;51m:[38;2;0;134;179m0[38;2;51;51;51m},{[38;2;24;54;145m"i"[38;2;51;51;51m:[38;2;0;134;179m4[38;2;51;51;51m,[38;2;24;54;145m"f"[38;2;51;51;51m:[38;2;0;134;179m0[38;2;51;51;51m},{[38;2;24;54;145m"i"[38;2;51;51;51m:[38;2;0;134;179m4[38;2;51;51;51m,[38;2;24;54;145m"f"[38;2;51;51;51m:[38;2;0;134;179m0[38;2;51;51;51m},{[38;2;24;54;145m"i"[38;2;51;51;51m:[38;2;0;134;179m4[38;2;51;51;51m,[38;2;24;54;145m"f"[38;2;51;51;51m:[38;2;0;134;179m0[38;2;51;51;51m}[0m[48;2;208;255;208m[0K[0m
[48;2;208;255;208;38;2;51;51;51m  ],[0m[48;2;208;255;208m[0K[0m
[48;2;208;255;208;38;2;51;51;51m  [[0m[48;2;208;255;208m[0K[0m
[48;2;208;255;208;38;2;51;51;51m    {[38;2;24;54;145m"i"[38;2;51;51;51m:[38;2;0;134;179m4[38;2;51;51;51m,[38;2;24;54;145m"f"[38;2;51;51;51m:[38;2;0;134;179m0[38;2;51;51;51m},{[38;2;24;54;145m"i"[38;2;51;51;51m:[38;2;0;134;179m4[38;2;51;51;51m,[38;2;24;54;145m"f"[38;2;51;51;51m:[38;2;0;134;179m0[38;2;51;51;51m},{[38;2;24;54;145m"i"[38;2;51;51;51m:[38;2;0;134;179m4[38;2;51;51;51m,[38;2;24;54;145m"f"[38;2;51;51;51m:[38;2;0;134;179m0[38;2;51;51;51m},{[38;2;24;54;145m"i"[38;2;51;51;51m:[38;2;0;134;179m4[38;2;51;51;51m,[38;2;24;54;145m"f"[38;2;51;51;51m:[38;2;0;134;179m0[38;2;51;51;51m},{[38;2;24;54;145m"i"[38;2;51;51;51m:[38;2;0;134;179m4[38;2;51;51;51m,[38;2;24;54;145m"f"[38;2;51;51;51m:[38;2;0;134;179m0[38;2;51;51;51m},{[38;2;24;54;145m"i"[38;2;51;51;51m:[38;2;0;134;179m4[38;2;51;51;51m,[38;2;24;54;145m"f"[38;2;51;51;51m:[38;2;0;134;179m0[38;2;51;51;51m},{[38;2;24;54;145m"i"[38;2;51;51;51m:[38;2;0;134;179m3[38;2;51;51;51m,[38;2;24;54;145m"f"[38;2;51;51;51m:[38;2;0;134;179m0[38;2;51;51;51m},{[38;2;24;54;145m"i"[38;2;51;51;51m:[38;2;0;134;179m4[38;2;51;51;51m,[38;2;24;54;145m"f"[38;2;51;51;51m:[38;2;0;134;179m0[38;2;51;51;51m},{[38;2;24;54;145m"i"[38;2;51;51;51m:[38;2;0;134;179m4[38;2;51;51;51m,[38;2;24;54;145m"f"[38;2;51;51;51m:[38;2;0;134;179m0[38;2;51;51;51m},{[38;2;24;54;145m"i"[38;2;51;51;51m:[38;2;0;134;179m4[38;2;51;51;51m,[38;2;24;54;145m"f"[38;2;51;51;51m:[38;2;0;134;179m0[38;2;51;51;51m},{[38;2;24;54;145m"i"[38;2;51;51;51m:[38;2;0;134;179m4[38;2;51;51;51m,[38;2;24;54;145m"f"[38;2;51;51;51m:[38;2;0;134;179m0[38;2;51;51;51m},{[38;2;24;54;145m"i"[38;2;51;51;51m:[38;2;0;134;179m4[38;2;51;51;51m,[38;2;24;54;145m"f"[38;2;51;51;51m:[38;2;0;134;179m0[38;2;51;51;51m},{[38;2;24;54;145m"i"[38;2;51;51;51m:[38;2;0;134;179m4[38;2;51;51;51m,[38;2;24;54;145m"f"[38;2;51;51;51m:[38;2;0;134;179m0[38;2;51;51;51m},{[38;2;24;54;145m"i"[38;2;51;51;51m:[38;2;0;134;179m4[38;2;51;51;51m,[38;2;24;54;145m"f"[38;2;51;51;51m:[38;2;0;134;179m0[38;2;51;51;51m},{[38;2;24;54;145m"i"[38;2;51;51;51m:[38;2;0;134;179m4[38;2;51;51;51m,[38;2;24;54;145m"f"[38;2;51;51;51m:[38;2;0;134;179m0[38;2;51;51;51m},{[38;2;24;54;145m"i"[38;2;51;51;51m:[38;2;0;134;179m4[38;2;51;51;51m,[38;2;24;54;145m"f"[38;2;51;51;51m:[38;2;0;134;179m0[38;2;51;51;51m},{[38;2;24;54;145m"i"[38;2;51;51;51m:[38;2;0;134;179m4[38;2;51;51;51m,[38;2;24;54;145m"f"[38;2;51;51;51m:[38;2;0;134;179m0[38;2;51;51;51m}[0m[48;2;208;255;208m[0K[0m
[48;2;208;255;208;38;2;51;51;51m  ],[0m[48;2;208;255;208m[0K[0m
[48;2;208;255;208;38;2;51;51;51m  [[0m[48;2;208;255;208m[0K[0m
[48;2;208;255;208;38;2;51;51;51m    {[38;2;24;54;145m"i"[38;2;51;51;51m:[38;2;0;134;179m4[38;2;51;51;51m,[38;2;24;54;145m"f"[38;2;51;51;51m:[38;2;0;134;179m0[38;2;51;51;51m},{[38;2;24;54;145m"i"[38;2;51;51;51m:[38;2;0;134;179m4[38;2;51;51;51m,[38;2;24;54;145m"f"[38;2;51;51;51m:[38;2;0;134;179m0[38;2;51;51;51m},{[38;2;24;54;145m"i"[38;2;51;51;51m:[38;2;0;134;179m4[38;2;51;51;51m,[38;2;24;54;145m"f"[38;2;51;51;51m:[38;2;0;134;179m0[38;2;51;51;51m},{[38;2;24;54;145m"i"[38;2;51;51;51m:[38;2;0;134;179m4[38;2;51;51;51m,[38;2;24;54;145m"f"[38;2;51;51;51m:[38;2;0;134;179m0[38;2;51;51;51m},{[38;2;24;54;145m"i"[38;2;51;51;51m:[38;2;0;134;179m4[38;2;51;51;51m,[38;2;24;54;145m"f"[38;2;51;51;51m:[38;2;0;134;179m0[38;2;51;51;51m},{[38;2;24;54;145m"i"[38;2;51;51;51m:[38;2;0;134;179m4[38;2;51;51;51m,[38;2;24;54;145m"f"[38;2;51;51;51m:[38;2;0;134;179m0[38;2;51;51;51m},{[38;2;24;54;145m"i"[38;2;51;51;51m:[38;2;0;134;179m3[38;2;51;51;51m,[38;2;24;54;145m"f"[38;2;51;51;51m:[38;2;0;134;179m0[38;2;51;51;51m},{[38;2;24;54;145m"i"[38;2;51;51;51m:[38;2;0;134;179m4[38;2;51;51;51m,[38;2;24;54;145m"f"[38;2;51;51;51m:[38;2;0;134;179m0[38;2;51;51;51m},{[38;2;24;54;145m"i"[38;2;51;51;51m:[38;2;0;134;179m4[38;2;51;51;51m,[38;2;24;54;145m"f"[38;2;51;51;51m:[38;2;0;134;179m0[38;2;51;51;51m},{[38;2;24;54;145m"i"[38;2;51;51;51m:[38;2;0;134;179m4[38;2;51;51;51m,[38;2;24;54;145m"f"[38;2;51;51;51m:[38;2;0;134;179m0[38;2;51;51;51m},{[38;2;24;54;145m"i"[38;2;51;51;51m:[38;2;0;134;179m4[38;2;51;51;51m,[38;2;24;54;145m"f"[38;2;51;51;51m:[38;2;0;134;179m0[38;2;51;51;51m},{[38;2;24;54;145m"i"[38;2;51;51;51m:[38;2;0;134;179m4[38;2;51;51;51m,[38;2;24;54;145m"f"[38;2;51;51;51m:[38;2;0;134;179m0[38;2;51;51;51m},{[38;2;24;54;145m"i"[38;2;51;51;51m:[38;2;0;134;179m4[38;2;51;51;51m,[38;2;24;54;145m"f"[38;2;51;51;51m:[38;2;0;134;179m0[38;2;51;51;51m},{[38;2;24;54;145m"i"[38;2;51;51;51m:[38;2;0;134;179m4[38;2;51;51;51m,[38;2;24;54;145m"f"[38;2;51;51;51m:[38;2;0;134;179m0[38;2;51;51;51m},{[38;2;24;54;145m"i"[38;2;51;51;51m:[38;2;0;134;179m4[38;2;51;51;51m,[38;2;24;54;145m"f"[38;2;51;51;51m:[38;2;0;134;179m0[38;2;51;51;51m},{[38;2;24;54;145m"i"[38;2;51;51;51m:[38;2;0;134;179m4[38;2;51;51;51m,[38;2;24;54;145m"f"[38;2;51;51;51m:[38;2;0;134;179m0[38;2;51;51;51m},{[38;2;24;54;145m"i"[38;2;51;51;51m:[38;2;0;134;179m4[38;2;51;51;51m,[38;2;24;54;145m"f"[38;2;51;51;51m:[38;2;0;134;179m0[38;2;51;51;51m}[0m[48;2;208;255;208m[0K[0m
[48;2;208;255;208;38;2;51;51;51m  ],[0m[48;2;208;255;208m[0K[0m
[48;2;208;255;208;38;2;51;51;51m  [[0m[48;2;208;255;208m[0K[0m
[48;2;208;255;208;38;2;51;51;51m    {[38;2;24;54;145m"i"[38;2;51;51;51m:[38;2;0;134;179m4[38;2;51;51;51m,[38;2;24;54;145m"f"[38;2;51;51;51m:[38;2;0;134;179m0[38;2;51;51;51m},{[38;2;24;54;145m"i"[38;2;51;51;51m:[38;2;0;134;179m4[38;2;51;51;51m,[38;2;24;54;145m"f"[38;2;51;51;51m:[38;2;0;134;179m0[38;2;51;51;51m},{[38;2;24;54;145m"i"[38;2;51;51;51m:[38;2;0;134;179m4[38;2;51;51;51m,[38;2;24;54;145m"f"[38;2;51;51;51m:[38;2;0;134;179m0[38;2;51;51;51m},{[38;2;24;54;145m"i"[38;2;51;51;51m:[38;2;0;134;179m4[38;2;51;51;51m,[38;2;24;54;145m"f"[38;2;51;51;51m:[38;2;0;134;179m0[38;2;51;51;51m},{[38;2;24;54;145m"i"[38;2;51;51;51m:[38;2;0;134;179m4[38;2;51;51;51m,[38;2;24;54;145m"f"[38;2;51;51;51m:[38;2;0;134;179m0[38;2;51;51;51m},{[38;2;24;54;145m"i"[38;2;51;51;51m:[38;2;0;134;179m4[38;2;51;51;51m,[38;2;24;54;145m"f"[38;2;51;51;51m:[38;2;0;134;179m0[38;2;51;51;51m},{[38;2;24;54;145m"i"[38;2;51;51;51m:[38;2;0;134;179m3[38;2;51;51;51m,[38;2;24;54;145m"f"[38;2;51;51;51m:[38;2;0;134;179m0[38;2;51;51;51m},{[38;2;24;54;145m"i"[38;2;51;51;51m:[38;2;0;134;179m4[38;2;51;51;51m,[38;2;24;54;145m"f"[38;2;51;51;51m:[38;2;0;134;179m0[38;2;51;51;51m},{[38;2;24;54;145m"i"[38;2;51;51;51m:[38;2;0;134;179m4[38;2;51;51;51m,[38;2;24;54;145m"f"[38;2;51;51;51m:[38;2;0;134;179m0[38;2;51;51;51m},{[38;2;24;54;145m"i"[38;2;51;51;51m:[38;2;0;134;179m4[38;2;51;51;51m,[38;2;24;54;145m"f"[38;2;51;51;51m:[38;2;0;134;179m0[38;2;51;51;51m},{[38;2;24;54;145m"i"[38;2;51;51;51m:[38;2;0;134;179m4[38;2;51;51;51m,[38;2;24;54;145m"f"[38;2;51;51;51m:[38;2;0;134;179m0[38;2;51;51;51m},{[38;2;24;54;145m"i"[38;2;51;51;51m:[38;2;0;134;179m4[38;2;51;51;51m,[38;2;24;54;145m"f"[38;2;51;51;51m:[38;2;0;134;179m0[38;2;51;51;51m},{[38;2;24;54;145m"i"[38;2;51;51;51m:[38;2;0;134;179m4[38;2;51;51;51m,[38;2;24;54;145m"f"[38;2;51;51;51m:[38;2;0;134;179m0[38;2;51;51;51m},{[38;2;24;54;145m"i"[38;2;51;51;51m:[38;2;0;134;179m4[38;2;51;51;51m,[38;2;24;54;145m"f"[38;2;51;51;51m:[38;2;0;134;179m0[38;2;51;51;51m},{[38;2;24;54;145m"i"[38;2;51;51;51m:[38;2;0;134;179m4[38;2;51;51;51m,[38;2;24;54;145m"f"[38;2;51;51;51m:[38;2;0;134;179m0[38;2;51;51;51m},{[38;2;24;54;145m"i"[38;2;51;51;51m:[38;2;0;134;179m4[38;2;51;51;51m,[38;2;24;54;145m"f"[38;2;51;51;51m:[38;2;0;134;179m0[38;2;51;51;51m},{[38;2;24;54;145m"i"[38;2;51;51;51m:[38;2;0;134;179m4[38;2;51;51;51m,[38;2;24;54;145m"f"[38;2;51;51;51m:[38;2;0;134;179m0[38;2;51;51;51m}[0m[48;2;208;255;208m[0K[0m
[48;2;208;255;208;38;2;51;51;51m  ],[0m[48;2;208;255;208m[0K[0m
[48;2;208;255;208;38;2;51;51;51m  [[0m[48;2;208;255;208m[0K[0m
[48;2;208;255;208;38;2;51;51;51m    {[38;2;24;54;145m"i"[38;2;51;51;51m:[38;2;0;134;179m4[38;2;51;51;51m,[38;2;24;54;145m"f"[38;2;51;51;51m:[38;2;0;134;179m0[38;2;51;51;51m},{[38;2;24;54;145m"i"[38;2;51;51;51m:[38;2;0;134;179m4[38;2;51;51;51m,[38;2;24;54;145m"f"[38;2;51;51;51m:[38;2;0;134;179m0[38;2;51;51;51m},{[38;2;24;54;145m"i"[38;2;51;51;51m:[38;2;0;134;179m4[38;2;51;51;51m,[38;2;24;54;145m"f"[38;2;51;51;51m:[38;2;0;134;179m0[38;2;51;51;51m},{[38;2;24;54;145m"i"[38;2;51;51;51m:[38;2;0;134;179m4[38;2;51;51;51m,[38;2;24;54;145m"f"[38;2;51;51;51m:[38;2;0;134;179m0[38;2;51;51;51m},{[38;2;24;54;145m"i"[38;2;51;51;51m:[38;2;0;134;179m4[38;2;51;51;51m,[38;2;24;54;145m"f"[38;2;51;51;51m:[38;2;0;134;179m0[38;2;51;51;51m},{[38;2;24;54;145m"i"[38;2;51;51;51m:[38;2;0;134;179m4[38;2;51;51;51m,[38;2;24;54;145m"f"[38;2;51;51;51m:[38;2;0;134;179m0[38;2;51;51;51m},{[38;2;24;54;145m"i"[38;2;51;51;51m:[38;2;0;134;179m3[38;2;51;51;51m,[38;2;24;54;145m"f"[38;2;51;51;51m:[38;2;0;134;179m0[38;2;51;51;51m},{[38;2;24;54;145m"i"[38;2;51;51;51m:[38;2;0;134;179m4[38;2;51;51;51m,[38;2;24;54;145m"f"[38;2;51;51;51m:[38;2;0;134;179m0[38;2;51;51;51m},{[38;2;24;54;145m"i"[38;2;51;51;51m:[38;2;0;134;179m4[38;2;51;51;51m,[38;2;24;54;145m"f"[38;2;51;51;51m:[38;2;0;134;179m0[38;2;51;51;51m},{[38;2;24;54;145m"i"[38;2;51;51;51m:[38;2;0;134;179m4[38;2;51;51;51m,[38;2;24;54;145m"f"[38;2;51;51;51m:[38;2;0;134;179m0[38;2;51;51;51m},{[38;2;24;54;145m"i"[38;2;51;51;51m:[38;2;0;134;179m4[38;2;51;51;51m,[38;2;24;54;145m"f"[38;2;51;51;51m:[38;2;0;134;179m0[38;2;51;51;51m},{[38;2;24;54;145m"i"[38;2;51;51;51m:[38;2;0;134;179m4[38;2;51;51;51m,[38;2;24;54;145m"f"[38;2;51;51;51m:[38;2;0;134;179m0[38;2;51;51;51m},{[38;2;24;54;145m"i"[38;2;51;51;51m:[38;2;0;134;179m4[38;2;51;51;51m,[38;2;24;54;145m"f"[38;2;51;51;51m:[38;2;0;134;179m0[38;2;51;51;51m},{[38;2;24;54;145m"i"[38;2;51;51;51m:[38;2;0;134;179m4[38;2;51;51;51m,[38;2;24;54;145m"f"[38;2;51;51;51m:[38;2;0;134;179m0[38;2;51;51;51m},{[38;2;24;54;145m"i"[38;2;51;51;51m:[38;2;0;134;179m4[38;2;51;51;51m,[38;2;24;54;145m"f"[38;2;51;51;51m:[38;2;0;134;179m0[38;2;51;51;51m},{[38;2;24;54;145m"i"[38;2;51;51;51m:[38;2;0;134;179m4[38;2;51;51;51m,[38;2;24;54;145m"f"[38;2;51;51;51m:[38;2;0;134;179m0[38;2;51;51;51m},{[38;2;24;54;145m"i"[38;2;51;51;51m:[38;2;0;134;179m4[38;2;51;51;51m,[38;2;24;54;145m"f"[38;2;51;51;51m:[38;2;0;134;179m0[38;2;51;51;51m}[0m[48;2;208;255;208m[0K[0m
[48;2;208;255;208;38;2;51;51;51m  ],[0m[48;2;208;255;208m[0K[0m
[48;2;208;255;208;38;2;51;51;51m  [[0m[48;2;208;255;208m[0K[0m
[48;2;208;255;208;38;2;51;51;51m    {[38;2;24;54;145m"i"[38;2;51;51;51m:[38;2;0;134;179m4[38;2;51;51;51m,[38;2;24;54;145m"f"[38;2;51;51;51m:[38;2;0;134;179m0[38;2;51;51;51m},{[38;2;24;54;145m"i"[38;2;51;51;51m:[38;2;0;134;179m4[38;2;51;51;51m,[38;2;24;54;145m"f"[38;2;51;51;51m:[38;2;0;134;179m0[38;2;51;51;51m},{[38;2;24;54;145m"i"[38;2;51;51;51m:[38;2;0;134;179m4[38;2;51;51;51m,[38;2;24;54;145m"f"[38;2;51;51;51m:[38;2;0;134;179m0[38;2;51;51;51m},{[38;2;24;54;145m"i"[38;2;51;51;51m:[38;2;0;134;179m4[38;2;51;51;51m,[38;2;24;54;145m"f"[38;2;51;51;51m:[38;2;0;134;179m0[38;2;51;51;51m},{[38;2;24;54;145m"i"[38;2;51;51;51m:[38;2;0;134;179m4[38;2;51;51;51m,[38;2;24;54;145m"f"[38;2;51;51;51m:[38;2;0;134;179m0[38;2;51;51;51m},{[38;2;24;54;145m"i"[38;2;51;51;51m:[38;2;0;134;179m4[38;2;51;51;51m,[38;2;24;54;145m"f"[38;2;51;51;51m:[38;2;0;134;179m0[38;2;51;51;51m},{[38;2;24;54;145m"i"[38;2;51;51;51m:[38;2;0;134;179m3[38;2;51;51;51m,[38;2;24;54;145m"f"[38;2;51;51;51m:[38;2;0;134;179m0[38;2;51;51;51m},{[38;2;24;54;145m"i"[38;2;51;51;51m:[38;2;0;134;179m4[38;2;51;51;51m,[38;2;24;54;145m"f"[38;2;51;51;51m:[38;2;0;134;179m0[38;2;51;51;51m},{[38;2;24;54;145m"i"[38;2;51;51;51m:[38;2;0;134;179m4[38;2;51;51;51m,[38;2;24;54;145m"f"[38;2;51;51;51m:[38;2;0;134;179m0[38;2;51;51;51m},{[38;2;24;54;145m"i"[38;2;51;51;51m:[38;2;0;134;179m4[38;2;51;51;51m,[38;2;24;54;145m"f"[38;2;51;51;51m:[38;2;0;134;179m0[38;2;51;51;51m},{[38;2;24;54;145m"i"[38;2;51;51;51m:[38;2;0;134;179m4[38;2;51;51;51m,[38;2;24;54;145m"f"[38;2;51;51;51m:[38;2;0;134;179m0[38;2;51;51;51m},{[38;2;24;54;145m"i"[38;2;51;51;51m:[38;2;0;134;179m4[38;2;51;51;51m,[38;2;24;54;145m"f"[38;2;51;51;51m:[38;2;0;134;179m0[38;2;51;51;51m},{[38;2;24;54;145m"i"[38;2;51;51;51m:[38;2;0;134;179m4[38;2;51;51;51m,[38;2;24;54;145m"f"[38;2;51;51;51m:[38;2;0;134;179m0[38;2;51;51;51m},{[38;2;24;54;145m"i"[38;2;51;51;51m:[38;2;0;134;179m4[38;2;51;51;51m,[38;2;24;54;145m"f"[38;2;51;51;51m:[38;2;0;134;179m0[38;2;51;51;51m},{[38;2;24;54;145m"i"[38;2;51;51;51m:[38;2;0;134;179m4[38;2;51;51;51m,[38;2;24;54;145m"f"[38;2;51;51;51m:[38;2;0;134;179m0[38;2;51;51;51m},{[38;2;24;54;145m"i"[38;2;51;51;51m:[38;2;0;134;179m4[38;2;51;51;51m,[38;2;24;54;145m"f"[38;2;51;51;51m:[38;2;0;134;179m0[38;2;51;51;51m},{[38;2;24;54;145m"i"[38;2;51;51;51m:[38;2;0;134;179m4[38;2;51;51;51m,[38;2;24;54;145m"f"[38;2;51;51;51m:[38;2;0;134;179m0[38;2;51;51;51m}[0m[48;2;208;255;208m[0K[0m
[48;2;208;255;208;38;2;51;51;51m  ],[0m[48;2;208;255;208m[0K[0m
[48;2;208;255;208;38;2;51;51;51m  [[0m[48;2;208;255;208m[0K[0m
[48;2;208;255;208;38;2;51;51;51m    {[38;2;24;54;145m"i"[38;2;51;51;51m:[38;2;0;134;179m4[38;2;51;51;51m,[38;2;24;54;145m"f"[38;2;51;51;51m:[38;2;0;134;179m0[38;2;51;51;51m},{[38;2;24;54;145m"i"[38;2;51;51;51m:[38;2;0;134;179m4[38;2;51;51;51m,[38;2;24;54;145m"f"[38;2;51;51;51m:[38;2;0;134;179m0[38;2;51;51;51m},{[38;2;24;54;145m"i"[38;2;51;51;51m:[38;2;0;134;179m4[38;2;51;51;51m,[38;2;24;54;145m"f"[38;2;51;51;51m:[38;2;0;134;179m0[38;2;51;51;51m},{[38;2;24;54;145m"i"[38;2;51;51;51m:[38;2;0;134;179m4[38;2;51;51;51m,[38;2;24;54;145m"f"[38;2;51;51;51m:[38;2;0;134;179m0[38;2;51;51;51m},{[38;2;24;54;145m"i"[38;2;51;51;51m:[38;2;0;134;179m4[38;2;51;51;51m,[38;2;24;54;145m"f"[38;2;51;51;51m:[38;2;0;134;179m0[38;2;51;51;51m},{[38;2;24;54;145m"i"[38;2;51;51;51m:[38;2;0;134;179m4[38;2;51;51;51m,[38;2;24;54;145m"f"[38;2;51;51;51m:[38;2;0;134;179m0[38;2;51;51;51m},{[38;2;24;54;145m"i"[38;2;51;51;51m:[38;2;0;134;179m3[38;2;51;51;51m,[38;2;24;54;145m"f"[38;2;51;51;51m:[38;2;0;134;179m0[38;2;51;51;51m},{[38;2;24;54;145m"i"[38;2;51;51;51m:[38;2;0;134;179m4[38;2;51;51;51m,[38;2;24;54;145m"f"[38;2;51;51;51m:[38;2;0;134;179m0[38;2;51;51;51m},{[38;2;24;54;145m"i"[38;2;51;51;51m:[38;2;0;134;179m4[38;2;51;51;51m,[38;2;24;54;145m"f"[38;2;51;51;51m:[38;2;0;134;179m0[38;2;51;51;51m},{[38;2;24;54;145m"i"[38;2;51;51;51m:[38;2;0;134;179m4[38;2;51;51;51m,[38;2;24;54;145m"f"[38;2;51;51;51m:[38;2;0;134;179m0[38;2;51;51;51m},{[38;2;24;54;145m"i"[38;2;51;51;51m:[38;2;0;134;179m4[38;2;51;51;51m,[38;2;24;54;145m"f"[38;2;51;51;51m:[38;2;0;134;179m0[38;2;51;51;51m},{[38;2;24;54;145m"i"[38;2;51;51;51m:[38;2;0;134;179m4[38;2;51;51;51m,[38;2;24;54;145m"f"[38;2;51;51;51m:[38;2;0;134;179m0[38;2;51;51;51m},{[38;2;24;54;145m"i"[38;2;51;51;51m:[38;2;0;134;179m4[38;2;51;51;51m,[38;2;24;54;145m"f"[38;2;51;51;51m:[38;2;0;134;179m0[38;2;51;51;51m},{[38;2;24;54;145m"i"[38;2;51;51;51m:[38;2;0;134;179m4[38;2;51;51;51m,[38;2;24;54;145m"f"[38;2;51;51;51m:[38;2;0;134;179m0[38;2;51;51;51m},{[38;2;24;54;145m"i"[38;2;51;51;51m:[38;2;0;134;179m4[38;2;51;51;51m,[38;2;24;54;145m"f"[38;2;51;51;51m:[38;2;0;134;179m0[38;2;51;51;51m},{[38;2;24;54;145m"i"[38;2;51;51;51m:[38;2;0;134;179m4[38;2;51;51;51m,[38;2;24;54;145m"f"[38;2;51;51;51m:[38;2;0;134;179m0[38;2;51;51;51m},{[38;2;24;54;145m"i"[38;2;51;51;51m:[38;2;0;134;179m4[38;2;51;51;51m,[38;2;24;54;145m"f"[38;2;51;51;51m:[38;2;0;134;179m0[38;2;51;51;51m}[0m[48;2;208;255;208m[0K[0m
[48;2;208;255;208;38;2;51;51;51m  ],[0m[48;2;208;255;208m[0K[0m
[48;2;208;255;208;38;2;51;51;51m  [[0m[48;2;208;255;208m[0K[0m
[48;2;208;255;208;38;2;51;51;51m    {[38;2;24;54;145m"i"[38;2;51;51;51m:[38;2;0;134;179m4[38;2;51;51;51m,[38;2;24;54;145m"f"[38;2;51;51;51m:[38;2;0;134;179m0[38;2;51;51;51m},{[38;2;24;54;145m"i"[38;2;51;51;51m:[38;2;0;134;179m4[38;2;51;51;51m,[38;2;24;54;145m"f"[38;2;51;51;51m:[38;2;0;134;179m0[38;2;51;51;51m},{[38;2;24;54;145m"i"[38;2;51;51;51m:[38;2;0;134;179m4[38;2;51;51;51m,[38;2;24;54;145m"f"[38;2;51;51;51m:[38;2;0;134;179m0[38;2;51;51;51m},{[38;2;24;54;145m"i"[38;2;51;51;51m:[38;2;0;134;179m4[38;2;51;51;51m,[38;2;24;54;145m"f"[38;2;51;51;51m:[38;2;0;134;179m0[38;2;51;51;51m},{[38;2;24;54;145m"i"[38;2;51;51;51m:[38;2;0;134;179m4[38;2;51;51;51m,[38;2;24;54;145m"f"[38;2;51;51;51m:[38;2;0;134;179m0[38;2;51;51;51m},{[38;2;24;54;145m"i"[38;2;51;51;51m:[38;2;0;134;179m4[38;2;51;51;51m,[38;2;24;54;145m"f"[38;2;51;51;51m:[38;2;0;134;179m0[38;2;51;51;51m},{[38;2;24;54;145m"i"[38;2;51;51;51m:[38;2;0;134;179m3[38;2;51;51;51m,[38;2;24;54;145m"f"[38;2;51;51;51m:[38;2;0;134;179m0[38;2;51;51;51m},{[38;2;24;54;145m"i"[38;2;51;51;51m:[38;2;0;134;179m4[38;2;51;51;51m,[38;2;24;54;145m"f"[38;2;51;51;51m:[38;2;0;134;179m0[38;2;51;51;51m},{[38;2;24;54;145m"i"[38;2;51;51;51m:[38;2;0;134;179m4[38;2;51;51;51m,[38;2;24;54;145m"f"[38;2;51;51;51m:[38;2;0;134;179m0[38;2;51;51;51m},{[38;2;24;54;145m"i"[38;2;51;51;51m:[38;2;0;134;179m4[38;2;51;51;51m,[38;2;24;54;145m"f"[38;2;51;51;51m:[38;2;0;134;179m0[38;2;51;51;51m},{[38;2;24;54;145m"i"[38;2;51;51;51m:[38;2;0;134;179m4[38;2;51;51;51m,[38;2;24;54;145m"f"[38;2;51;51;51m:[38;2;0;134;179m0[38;2;51;51;51m},{[38;2;24;54;145m"i"[38;2;51;51;51m:[38;2;0;134;179m4[38;2;51;51;51m,[38;2;24;54;145m"f"[38;2;51;51;51m:[38;2;0;134;179m0[38;2;51;51;51m},{[38;2;24;54;145m"i"[38;2;51;51;51m:[38;2;0;134;179m4[38;2;51;51;51m,[38;2;24;54;145m"f"[38;2;51;51;51m:[38;2;0;134;179m0[38;2;51;51;51m},{[38;2;24;54;145m"i"[38;2;51;51;51m:[38;2;0;134;179m4[38;2;51;51;51m,[38;2;24;54;145m"f"[38;2;51;51;51m:[38;2;0;134;179m0[38;2;51;51;51m},{[38;2;24;54;145m"i"[38;2;51;51;51m:[38;2;0;134;179m4[38;2;51;51;51m,[38;2;24;54;145m"f"[38;2;51;51;51m:[38;2;0;134;179m0[38;2;51;51;51m},{[38;2;24;54;145m"i"[38;2;51;51;51m:[38;2;0;134;179m4[38;2;51;51;51m,[38;2;24;54;145m"f"[38;2;51;51;51m:[38;2;0;134;179m0[38;2;51;51;51m},{[38;2;24;54;145m"i"[38;2;51;51;51m:[38;2;0;134;179m4[38;2;51;51;51m,[38;2;24;54;145m"f"[38;2;51;51;51m:[38;2;0;134;179m0[38;2;51;51;51m}[0m[48;2;208;255;208m[0K[0m
[48;2;208;255;208;38;2;51;51;51m  ],[0m[48;2;208;255;208m[0K[0m
[48;2;208;255;208;38;2;51;51;51m  [[0m[48;2;208;255;208m[0K[0m
[48;2;208;255;208;38;2;51;51;51m    {[38;2;24;54;145m"i"[38;2;51;51;51m:[38;2;0;134;179m4[38;2;51;51;51m,[38;2;24;54;145m"f"[38;2;51;51;51m:[38;2;0;134;179m0[38;2;51;51;51m},{[38;2;24;54;145m"i"[38;2;51;51;51m:[38;2;0;134;179m4[38;2;51;51;51m,[38;2;24;54;145m"f"[38;2;51;51;51m:[38;2;0;134;179m0[38;2;51;51;51m},{[38;2;24;54;145m"i"[38;2;51;51;51m:[38;2;0;134;179m4[38;2;51;51;51m,[38;2;24;54;145m"f"[38;2;51;51;51m:[38;2;0;134;179m0[38;2;51;51;51m},{[38;2;24;54;145m"i"[38;2;51;51;51m:[38;2;0;134;179m4[38;2;51;51;51m,[38;2;24;54;145m"f"[38;2;51;51;51m:[38;2;0;134;179m0[38;2;51;51;51m},{[38;2;24;54;145m"i"[38;2;51;51;51m:[38;2;0;134;179m4[38;2;51;51;51m,[38;2;24;54;145m"f"[38;2;51;51;51m:[38;2;0;134;179m0[38;2;51;51;51m},{[38;2;24;54;145m"i"[38;2;51;51;51m:[38;2;0;134;179m4[38;2;51;51;51m,[38;2;24;54;145m"f"[38;2;51;51;51m:[38;2;0;134;179m0[38;2;51;51;51m},{[38;2;24;54;145m"i"[38;2;51;51;51m:[38;2;0;134;179m4[38;2;51;51;51m,[38;2;24;54;145m"f"[38;2;51;51;51m:[38;2;0;134;179m0[38;2;51;51;51m},{[38;2;24;54;145m"i"[38;2;51;51;51m:[38;2;0;134;179m4[38;2;51;51;51m,[38;2;24;54;145m"f"[38;2;51;51;51m:[38;2;0;134;179m0[38;2;51;51;51m},{[38;2;24;54;145m"i"[38;2;51;51;51m:[38;2;0;134;179m4[38;2;51;51;51m,[38;2;24;54;145m"f"[38;2;51;51;51m:[38;2;0;134;179m0[38;2;51;51;51m},{[38;2;24;54;145m"i"[38;2;51;51;51m:[38;2;0;134;179m4[38;2;51;51;51m,[38;2;24;54;145m"f"[38;2;51;51;51m:[38;2;0;134;179m0[38;2;51;51;51m},{[38;2;24;54;145m"i"[38;2;51;51;51m:[38;2;0;134;179m4[38;2;51;51;51m,[38;2;24;54;145m"f"[38;2;51;51;51m:[38;2;0;134;179m0[38;2;51;51;51m},{[38;2;24;54;145m"i"[38;2;51;51;51m:[38;2;0;134;179m4[38;2;51;51;51m,[38;2;24;54;145m"f"[38;2;51;51;51m:[38;2;0;134;179m0[38;2;51;51;51m},{[38;2;24;54;145m"i"[38;2;51;51;51m:[38;2;0;134;179m4[38;2;51;51;51m,[38;2;24;54;145m"f"[38;2;51;51;51m:[38;2;0;134;179m0[38;2;51;51;51m},{[38;2;24;54;145m"i"[38;2;51;51;51m:[38;2;0;134;179m4[38;2;51;51;51m,[38;2;24;54;145m"f"[38;2;51;51;51m:[38;2;0;134;179m0[38;2;51;51;51m},{[38;2;24;54;145m"i"[38;2;51;51;51m:[38;2;0;134;179m4[38;2;51;51;51m,[38;2;24;54;145m"f"[38;2;51;51;51m:[38;2;0;134;179m0[38;2;51;51;51m},{[38;2;24;54;145m"i"[38;2;51;51;51m:[38;2;0;134;179m4[38;2;51;51;51m,[38;2;24;54;145m"f"[38;2;51;51;51m:[38;2;0;134;179m0[38;2;51;51;51m},{[38;2;24;54;145m"i"[38;2;51;51;51m:[38;2;0;134;179m4[38;2;51;51;51m,[38;2;24;54;145m"f"[38;2;51;51;51m:[38;2;0;134;179m0[38;2;51;51;51m}[0m[48;2;208;255;208m[0K[0m
[48;2;208;255;208;38;2;51;51;51m  ][0m[48;2;208;255;208m[0K[0m
[48;2;208;255;208;38;2;51;51;51m][0m[48;2;208;255;208m[0K[0m
[48;2;208;255;208;38;2;51;51;51m    }[0m[48;2;208;255;208m[0K[0m
[48;2;208;255;208;38;2;51;51;51m  ][0m[48;2;208;255;208m[0K[0m
[48;2;208;255;208;38;2;51;51;51m}[0m[48;2;208;255;208m[0K[0m
\ No newline at end of file[m
